# Square-number-pattern
This program help in creating a txt file which contains a pattern given below:-
For example user enter 5 then output will be;

5 5 5 5 5 5 5 5 5 
5 4 4 4 4 4 4 4 5 
5 4 3 3 3 3 3 4 5 
5 4 3 2 2 2 3 4 5 
5 4 3 2 1 2 3 4 5 
5 4 3 2 2 2 3 4 5 
5 4 3 3 3 3 3 4 5 
5 4 4 4 4 4 4 4 5 
5 5 5 5 5 5 5 5 5

If user enter 10 then output will be;

10 10 10 10 10 10 10 10 10 10 10 10 10 10 10 10 10 10 10 

10 9  9  9  9  9  9  9  9  9  9  9  9  9  9  9  9  9  10 

10 9  8  8  8  8  8  8  8  8  8  8  8  8  8  8  8  9  10 

10 9  8  7  7  7  7  7  7  7  7  7  7  7  7  7  8  9  10 

10 9  8  7  6  6  6  6  6  6  6  6  6  6  6  7  8  9  10 

10 9  8  7  6  5  5  5  5  5  5  5  5  5  6  7  8  9  10 

10 9  8  7  6  5  4  4  4  4  4  4  4  5  6  7  8  9  10 

10 9  8  7  6  5  4  3  3  3  3  3  4  5  6  7  8  9  10 

10 9  8  7  6  5  4  3  2  2  2  3  4  5  6  7  8  9  10 

10 9  8  7  6  5  4  3  2  1  2  3  4  5  6  7  8  9  10 

10 9  8  7  6  5  4  3  2  2  2  3  4  5  6  7  8  9  10 

10 9  8  7  6  5  4  3  3  3  3  3  4  5  6  7  8  9  10 

10 9  8  7  6  5  4  4  4  4  4  4  4  5  6  7  8  9  10 

10 9  8  7  6  5  5  5  5  5  5  5  5  5  6  7  8  9  10 

10 9  8  7  6  6  6  6  6  6  6  6  6  6  6  7  8  9  10 

10 9  8  7  7  7  7  7  7  7  7  7  7  7  7  7  8  9  10 

10 9  8  8  8  8  8  8  8  8  8  8  8  8  8  8  8  9  10 

10 9  9  9  9  9  9  9  9  9  9  9  9  9  9  9  9  9  10 

10 10 10 10 10 10 10 10 10 10 10 10 10 10 10 10 10 10 10


Means this program adjust number of spaces according to input number. 
